[header]
width=128
height=32
tilewidth=21
tileheight=21
orientation=orthogonal

[tilesets]
tileset=../CS3113/assets/graphics/Platformer assets pixel (900 assets)/spritesheet_rgba.png,21,21,0,0

[layer]
type=Tile Layer 1
data=
215,215,215,215,215,215,215,215,215,215,215,215,215,215,215,215,215,215,215,215,215,215,215,215,215,215,215,215,215,215,215,215,215,215,215,215,215,215,215,215,213,215,215,215,215,215,215,215,215,215,215,215,215,215,215,215,215,215,213,213,213,213,213,213,213,213,213,213,213,213,213,213,213,213,213,213,213,213,213,213,213,213,213,213,213,213,213,213,213,213,213,213,213,213,213,213,213,213,213,213,213,213,213,213,213,213,213,213,213,213,213,213,213,213,213,213,213,213,213,213,213,213,213,213,213,213,213,213,
215,0,0,0,0,0,215,0,0,0,0,0,0,0,0,0,0,0,0,0,0,0,0,0,0,0,0,0,0,0,0,0,0,0,0,0,0,0,0,0,213,0,0,0,0,0,0,0,0,0,0,0,0,0,0,0,0,0,0,0,0,0,0,0,0,0,0,0,0,0,0,0,0,0,0,0,0,0,0,0,0,0,0,0,0,0,0,0,0,0,0,0,0,0,0,0,0,0,0,0,0,0,0,0,0,0,0,0,0,0,0,0,0,0,0,0,0,0,0,0,0,0,0,0,0,0,0,213,
215,0,0,0,0,0,215,0,0,0,0,0,0,0,0,0,0,0,0,0,0,0,0,0,0,0,0,0,0,0,0,0,0,0,0,0,0,0,0,0,213,0,0,0,0,0,0,0,0,0,0,0,0,0,763,0,0,0,0,0,0,0,0,0,0,0,0,0,0,0,0,0,0,0,0,0,0,0,0,0,0,343,0,0,0,0,0,0,0,0,0,0,0,0,0,0,0,0,0,0,0,256,0,0,0,0,0,0,0,0,0,0,0,0,0,0,0,0,0,0,0,0,0,0,0,0,0,213,
215,0,0,0,0,0,215,0,0,137,0,0,0,185,185,185,185,185,185,185,185,185,0,0,0,0,0,0,0,0,0,0,0,0,0,0,0,0,0,0,213,0,0,0,0,0,0,0,0,0,0,0,0,0,0,0,0,0,0,0,0,0,0,0,185,185,185,185,185,185,185,185,185,185,185,0,0,185,185,185,185,185,185,185,185,0,0,0,185,185,185,185,185,185,185,185,0,0,185,185,185,185,185,185,185,185,0,0,185,185,185,185,185,185,185,185,0,0,0,0,0,0,0,0,0,0,0,213,
215,0,0,251,0,0,215,0,0,138,0,0,0,215,215,215,215,215,215,215,215,215,0,0,0,0,0,185,185,185,185,185,185,185,0,185,185,185,185,185,213,185,185,185,185,185,185,185,185,185,185,185,185,185,0,0,0,0,0,0,0,0,0,0,215,215,215,215,215,215,215,215,215,215,215,0,0,215,0,0,0,0,0,0,0,0,0,0,215,0,0,0,215,215,215,215,0,0,215,0,0,0,0,0,0,0,0,0,215,0,0,0,0,0,0,215,0,0,0,0,0,0,0,0,0,0,0,213,
215,0,0,185,185,185,215,185,185,185,0,0,0,215,0,0,0,0,0,0,0,0,0,0,0,0,0,0,0,0,0,0,215,215,0,0,0,0,0,0,213,0,0,215,215,215,215,215,215,215,215,215,215,215,185,185,185,185,185,185,185,0,763,0,0,0,0,0,0,0,0,0,0,0,215,0,0,215,0,0,0,0,0,0,0,0,0,0,215,0,0,0,0,0,0,215,0,0,215,0,0,0,0,0,0,0,0,0,215,0,0,0,0,0,0,215,0,0,0,0,0,0,0,0,0,0,0,213,
215,0,0,0,0,0,0,0,0,0,0,0,0,215,0,0,0,0,0,0,0,0,0,0,0,0,0,0,0,0,0,0,215,215,0,0,0,0,0,0,213,0,0,215,215,215,215,215,215,215,215,215,215,215,0,0,0,0,0,0,215,0,0,0,0,0,0,0,0,0,0,0,0,0,215,0,0,215,0,0,0,0,0,0,0,0,0,0,215,0,0,0,0,0,0,215,0,0,215,0,0,0,0,0,0,0,0,0,215,0,0,0,0,0,0,215,0,0,0,0,0,0,0,0,0,0,0,213,
215,0,0,0,0,0,0,0,0,0,0,0,0,215,0,0,0,0,0,0,0,0,0,0,0,0,0,0,0,0,0,0,215,215,0,0,0,0,0,0,213,0,0,215,215,215,215,215,215,215,215,215,215,215,0,0,0,0,0,0,215,0,0,0,0,0,0,0,0,0,0,0,0,0,215,0,0,215,0,0,0,0,0,0,0,0,0,0,215,0,0,0,0,0,0,215,0,0,215,0,0,0,0,0,0,0,0,0,215,0,0,256,0,0,0,215,0,0,0,0,0,0,0,0,0,0,0,213,
215,0,0,0,0,0,0,0,0,0,794,0,0,215,0,0,0,0,0,0,0,0,0,0,185,0,0,103,103,103,103,103,215,215,0,0,0,0,0,0,213,0,0,0,0,0,0,0,0,215,0,0,0,0,0,0,0,0,0,0,215,0,0,0,0,0,0,0,763,0,0,0,0,0,215,0,0,215,0,0,0,0,0,256,0,0,0,0,215,185,185,0,0,0,185,215,0,0,215,0,0,0,0,343,0,0,0,0,215,185,185,185,185,185,185,215,0,0,0,0,0,0,0,877,0,0,0,213,
215,0,0,0,0,0,0,0,0,0,854,0,0,215,0,0,0,0,0,0,0,0,0,0,215,0,0,185,185,185,185,185,215,215,0,185,185,185,185,185,213,0,0,0,0,0,763,0,0,215,0,0,299,0,0,0,0,0,0,185,215,185,185,185,185,185,185,185,0,0,0,0,0,0,215,0,0,215,0,0,185,185,185,185,185,0,0,0,215,0,0,0,0,0,0,215,0,0,215,0,0,185,185,185,185,185,0,0,215,0,0,0,0,0,0,215,0,0,0,0,0,0,788,788,788,0,0,213,
215,0,0,0,0,0,0,0,0,0,854,0,0,215,0,0,0,0,0,0,0,0,0,0,215,0,0,0,0,0,0,0,0,0,0,0,0,0,0,215,213,0,0,0,0,0,0,0,0,215,0,0,329,0,0,0,0,0,0,215,215,215,215,215,215,215,215,215,0,0,0,0,0,0,215,0,0,215,0,0,215,0,0,0,215,0,0,0,215,0,0,0,0,0,0,215,0,0,215,0,0,215,0,0,0,215,0,0,215,0,0,0,0,0,0,215,0,0,0,0,0,0,788,788,788,0,0,213,
215,0,0,0,0,0,0,185,0,0,884,0,0,215,185,185,185,0,0,0,185,185,185,185,215,0,0,0,0,0,0,0,0,0,0,0,0,0,0,215,213,0,0,0,0,0,185,185,185,215,185,185,185,185,185,185,0,0,824,0,0,0,0,0,0,0,0,0,0,0,0,0,0,0,215,0,0,215,0,0,215,0,0,0,215,0,0,0,215,0,0,0,0,0,0,215,0,0,215,0,0,215,0,0,0,215,0,0,215,0,0,0,0,0,0,215,0,0,0,0,0,0,788,788,788,0,0,213,
215,185,185,185,185,185,185,215,0,0,0,0,0,0,0,0,0,0,0,0,0,0,0,0,0,0,0,0,0,0,103,103,103,103,103,103,103,103,0,0,213,0,0,0,0,0,213,213,213,213,213,213,213,213,213,213,0,0,884,0,0,0,0,0,0,0,0,0,0,0,0,0,0,0,215,0,0,215,185,185,215,0,0,0,215,0,0,0,215,0,0,0,0,0,0,215,0,0,215,185,185,215,0,0,0,215,0,0,215,0,0,0,0,0,0,215,0,0,0,0,0,0,788,788,788,0,0,213,
215,746,746,746,746,746,746,746,0,0,0,0,0,0,0,0,0,0,0,0,0,0,0,0,0,0,0,185,0,0,185,185,185,185,185,185,185,185,0,0,215,0,0,0,0,0,0,0,0,0,213,213,0,0,0,0,0,0,884,0,0,0,0,0,0,0,0,0,0,0,0,0,269,0,215,0,0,0,0,0,0,0,0,0,0,0,0,0,0,0,0,0,0,0,0,0,0,0,0,0,0,0,0,0,0,0,0,0,0,0,0,0,0,0,0,0,0,0,0,0,0,0,788,788,788,0,0,213,
215,0,0,0,0,0,0,0,0,0,0,0,0,0,0,0,0,0,0,0,0,0,0,0,0,0,0,215,0,0,215,215,215,215,215,215,215,215,0,0,215,0,0,0,0,0,0,0,0,0,213,213,0,0,0,0,0,0,0,0,0,0,0,0,0,185,185,185,185,185,185,185,185,185,215,0,0,0,0,0,0,0,0,0,0,0,0,0,0,0,0,0,0,0,0,0,0,0,0,0,0,0,0,0,0,0,0,0,0,0,0,0,0,0,0,0,0,847,847,847,847,847,788,788,788,847,847,213,
215,0,0,0,0,0,0,0,0,0,0,0,0,0,185,0,0,0,0,701,0,0,0,0,0,0,0,215,0,0,215,215,215,215,215,215,215,215,185,0,215,0,0,0,0,0,0,0,0,0,213,213,0,0,0,0,0,0,0,0,0,0,0,0,0,215,215,215,215,215,215,215,215,215,215,0,0,0,0,0,0,0,0,0,0,0,0,0,0,0,0,0,0,0,0,0,0,0,0,0,0,0,0,0,0,0,0,0,0,0,0,0,0,0,0,0,0,818,818,818,818,818,818,818,818,818,818,213,
215,0,0,0,0,185,185,185,185,185,185,185,185,185,215,0,0,0,0,731,0,0,185,185,0,0,0,215,0,0,0,0,0,0,0,0,0,0,0,0,215,0,0,0,0,0,185,185,185,185,213,213,185,185,185,185,185,185,0,0,0,0,0,763,0,0,0,0,0,0,0,0,0,0,0,0,0,0,0,0,0,0,0,0,0,0,0,0,0,0,0,0,0,0,256,0,0,0,0,0,0,0,0,0,0,0,0,0,0,0,0,0,0,0,0,0,0,724,854,725,725,854,725,725,725,854,725,213,
215,0,822,0,0,746,746,746,746,746,746,746,746,746,746,0,0,0,185,185,185,185,215,215,185,185,185,215,0,0,0,0,0,0,0,0,0,0,0,0,215,0,0,824,0,0,215,215,215,215,215,215,215,215,215,215,215,215,0,0,0,0,0,0,0,0,0,0,0,0,0,0,0,0,0,0,0,0,0,0,0,0,0,0,0,0,0,0,0,0,0,0,185,185,185,185,185,185,185,0,0,0,0,0,0,0,0,0,0,0,0,0,0,0,0,0,0,724,725,725,730,725,725,730,725,725,725,213,
215,0,852,0,0,0,0,0,0,0,0,0,0,0,0,0,0,0,0,0,0,0,0,0,0,0,0,215,185,0,0,185,185,185,185,185,185,185,185,185,213,0,0,854,0,763,0,0,0,0,0,0,0,0,0,0,215,0,763,0,0,0,0,0,0,0,0,0,0,0,0,0,0,0,0,0,0,0,0,0,0,0,256,0,0,0,0,0,0,0,0,0,0,0,0,0,0,0,0,0,0,0,0,0,343,0,0,0,0,0,0,343,0,0,0,0,0,724,725,725,854,725,725,854,725,725,725,213,
215,0,852,0,0,0,0,0,0,0,0,0,0,0,0,0,0,0,0,0,0,0,0,0,0,0,0,215,215,0,0,215,0,0,0,0,0,0,0,0,213,0,0,884,0,0,0,0,0,0,0,0,0,0,0,0,215,0,0,827,827,827,827,827,827,827,763,0,0,0,0,0,0,0,0,0,0,185,185,185,185,185,185,185,185,185,185,0,0,0,0,0,0,0,0,0,0,0,0,0,0,0,0,185,185,185,185,185,185,185,185,185,185,0,0,0,0,724,725,725,725,725,730,725,725,730,725,213,
215,0,882,0,0,0,0,0,0,0,0,0,0,0,0,0,0,0,0,0,0,0,0,0,0,0,0,215,215,0,0,215,0,0,0,0,0,0,0,0,213,0,0,0,0,0,0,0,0,0,0,0,0,0,185,185,215,0,0,185,185,185,185,185,185,185,0,0,0,0,0,0,0,0,0,0,0,215,215,215,215,215,215,215,215,215,215,0,0,0,0,0,0,0,0,0,0,0,0,0,0,0,0,0,0,0,0,0,0,0,0,0,0,0,845,845,845,724,854,730,725,725,854,725,725,725,854,213,
215,0,0,0,185,185,185,185,185,185,185,0,0,0,0,0,0,0,0,0,0,0,0,0,0,0,0,215,215,0,0,215,0,0,0,0,0,0,0,0,213,0,185,185,185,185,185,185,185,0,0,0,185,185,215,215,215,0,0,215,215,215,215,215,215,215,0,0,0,0,0,0,0,0,0,0,0,0,0,0,0,0,0,0,0,0,0,0,0,0,0,0,0,0,0,0,0,0,0,0,0,0,0,0,0,0,0,0,0,0,0,0,0,0,0,0,0,724,725,725,725,820,725,725,725,725,730,213,
215,0,0,0,215,215,215,215,215,215,215,0,0,823,0,0,0,185,185,185,185,185,0,0,0,0,0,215,215,0,0,0,0,0,0,0,0,0,185,185,213,0,0,213,213,213,213,213,0,0,0,0,0,0,0,0,0,0,0,0,0,0,0,0,0,0,0,0,0,0,763,0,0,0,0,0,0,0,0,0,0,0,0,0,0,0,0,0,0,0,343,0,0,0,0,0,0,0,0,0,343,0,0,0,0,0,0,0,0,0,0,0,0,0,847,847,847,754,755,853,755,755,755,755,755,755,755,213,
215,0,0,0,215,215,215,215,215,215,215,0,0,853,0,0,0,215,215,215,215,215,0,0,0,0,0,215,215,0,0,0,0,0,0,0,0,0,215,215,215,0,0,0,0,0,0,0,0,0,0,0,0,0,0,0,0,0,0,0,0,0,0,0,0,0,0,0,0,0,0,0,0,0,0,0,0,0,0,0,0,0,0,0,0,0,0,0,0,0,185,185,185,185,185,185,185,185,185,185,185,0,0,0,0,0,0,0,0,0,0,0,0,0,215,215,215,215,215,215,215,215,215,215,215,215,215,213,
215,0,0,0,215,215,215,215,215,215,215,0,0,853,0,0,0,215,215,215,215,215,0,0,0,0,0,215,215,0,185,185,0,0,0,0,0,0,215,215,215,0,0,0,0,0,0,0,0,0,0,185,185,185,185,185,185,185,185,0,0,0,0,0,0,0,0,215,215,215,215,215,215,215,215,215,215,215,0,0,0,0,0,0,0,0,0,0,0,0,0,0,0,0,0,0,0,0,0,0,0,0,0,0,0,0,0,0,0,0,0,0,0,0,215,215,215,215,215,215,215,215,215,215,215,215,215,213,
215,0,0,0,215,215,215,215,215,215,215,0,0,883,0,0,0,215,215,215,215,215,0,0,0,0,0,215,215,185,215,215,0,0,0,0,185,185,215,215,215,0,0,0,0,0,0,0,0,0,0,0,213,213,213,213,213,213,0,0,0,0,0,0,0,0,0,0,0,0,0,0,0,0,0,0,0,0,0,0,0,0,0,0,0,0,0,0,0,0,0,0,0,0,0,0,0,0,0,0,0,0,0,0,0,0,0,0,0,0,0,0,0,0,0,0,0,0,0,0,0,0,0,0,0,0,0,213,
215,14,14,14,215,215,215,215,215,215,215,14,14,14,14,14,14,215,215,215,215,215,14,14,14,14,14,215,215,215,215,215,185,0,0,185,215,215,215,215,215,14,14,14,185,185,185,0,0,185,14,14,14,14,14,14,14,14,14,14,185,185,185,185,185,14,14,14,14,14,14,14,14,14,14,14,14,14,14,14,14,14,14,14,14,14,14,14,14,14,14,14,14,14,14,14,14,14,14,14,14,14,14,14,14,14,14,14,14,14,14,14,14,14,14,14,14,14,14,14,14,14,14,14,14,14,14,213,
215,43,43,43,215,215,215,215,215,215,215,43,43,43,43,43,43,215,215,215,215,215,43,43,43,43,43,215,215,215,215,215,215,0,0,215,215,215,215,215,215,43,43,43,43,43,213,0,0,213,43,43,43,43,43,43,43,43,43,43,43,43,43,43,43,43,43,43,43,43,43,43,43,43,43,43,43,43,43,43,43,43,43,43,43,43,43,43,43,43,43,43,43,43,43,43,43,43,43,43,43,43,43,43,43,43,43,43,43,43,43,43,43,43,43,43,43,43,43,43,43,43,43,43,43,43,43,213,
215,43,43,43,215,215,215,215,215,215,215,43,43,43,43,43,43,215,215,215,215,215,43,43,43,43,43,215,215,215,215,215,215,0,0,0,215,215,215,215,215,215,215,215,215,215,213,0,0,213,43,43,43,43,43,43,43,43,43,43,43,43,43,43,43,43,43,43,43,43,43,43,43,43,43,43,43,43,43,43,43,43,43,43,43,43,43,43,43,43,43,43,43,43,43,43,43,43,43,43,43,43,43,43,43,43,43,43,43,43,43,43,43,43,43,43,43,43,43,43,43,43,43,43,43,43,43,213,
215,43,43,43,215,215,215,215,215,215,215,43,43,43,43,43,43,215,215,215,215,215,43,43,43,43,43,215,215,215,215,215,215,0,0,0,0,0,0,0,0,0,0,0,0,0,0,0,0,213,43,43,43,43,43,43,43,43,43,43,43,43,43,43,43,43,43,43,43,43,43,43,43,43,43,43,43,43,43,43,43,43,43,43,43,43,43,43,43,43,43,43,43,43,43,43,43,43,43,43,43,43,43,43,43,43,43,43,43,43,43,43,43,43,43,43,43,43,43,43,43,43,43,43,43,43,43,213,
215,43,43,43,215,215,215,215,215,215,215,43,43,43,43,43,43,215,215,215,215,215,43,43,43,43,43,215,215,215,215,215,215,0,0,0,0,0,0,0,0,0,0,0,0,0,0,0,0,213,43,43,43,43,43,43,43,43,43,43,43,43,43,43,43,43,43,43,43,43,43,43,43,43,43,43,43,43,43,43,43,43,43,43,43,43,43,43,43,43,43,43,43,43,43,43,43,43,43,43,43,43,43,43,43,43,43,43,43,43,43,43,43,43,43,43,43,43,43,43,43,43,43,43,43,43,43,213,
215,43,43,43,215,215,215,215,215,215,215,43,43,43,43,43,43,215,215,215,215,215,43,43,43,43,43,215,215,215,215,215,215,185,185,185,185,185,185,185,185,185,185,185,185,185,185,185,185,213,43,43,43,43,43,43,43,43,43,43,43,43,43,43,43,43,43,43,43,43,43,43,43,43,43,43,43,43,43,43,43,43,43,43,43,43,43,43,43,43,43,43,43,43,43,43,43,43,43,43,43,43,43,43,43,43,43,43,43,43,43,43,43,43,43,43,43,43,43,43,43,43,43,43,43,43,43,213

[Object Layer 1]
# Bat
type=Enemy
location=11,6,1,1

[Object Layer 1]
# Bat
type=Enemy
location=23,14,1,1

[Object Layer 1]
# Bat
type=Enemy
location=30,3,1,1

[Object Layer 1]
# Bat
type=Enemy
location=52,23,1,1

[Object Layer 1]
# Bat
type=Enemy
location=74,23,1,1

