[header]
width=128
height=96
tilewidth=21
tileheight=21
orientation=orthogonal

[tilesets]
tileset=../CS3113/assets/graphics/Platformer assets pixel (900 assets)/spritesheet_rgba.png,21,21,0,0

[layer]
type=Tile Layer 1
data=
125,129,129,129,129,129,129,129,129,129,129,129,129,129,129,129,129,129,129,129,129,129,129,129,129,129,129,129,129,129,129,129,129,129,129,129,129,129,129,129,129,129,129,129,129,129,129,129,129,129,129,129,129,129,129,129,129,129,129,129,129,129,129,129,129,129,129,129,129,129,129,129,129,129,129,129,129,129,129,129,129,129,129,129,129,129,129,129,129,129,129,129,129,129,129,129,129,129,129,129,129,129,129,129,129,129,129,129,129,129,129,129,129,129,129,129,129,129,129,129,129,129,129,129,129,129,129,124,
155,0,0,0,0,0,0,0,0,0,0,0,0,0,0,0,0,0,0,0,0,0,0,0,0,0,0,0,0,0,0,0,0,0,0,0,0,0,0,0,0,0,0,0,0,0,0,0,0,0,0,0,0,0,0,0,0,0,0,0,0,0,0,0,0,0,0,0,0,0,0,0,0,0,0,0,0,0,0,0,0,0,0,0,0,0,0,0,0,0,0,0,0,0,0,0,0,0,0,0,0,0,0,0,0,0,0,0,0,0,0,0,0,0,0,0,0,0,0,0,0,0,0,0,0,0,0,153,
155,0,0,0,0,0,0,0,0,0,0,0,0,0,0,0,0,0,0,0,0,0,0,0,0,0,0,0,0,0,0,0,0,0,0,0,0,0,0,0,0,0,0,0,265,0,0,0,0,0,0,0,0,0,0,0,0,0,0,0,0,0,0,0,0,0,0,0,0,0,0,0,0,0,0,0,0,0,0,0,0,0,0,0,0,0,0,0,0,0,0,0,0,0,0,0,0,0,0,0,0,0,0,0,0,0,0,0,0,0,0,0,0,0,0,0,0,0,0,0,0,0,0,0,0,0,0,153,
155,0,0,0,0,0,0,0,0,0,0,0,0,0,0,0,0,0,0,0,0,0,0,0,0,0,0,0,0,0,0,0,0,0,0,0,0,0,0,0,0,0,0,0,265,0,0,0,0,0,0,0,0,0,0,0,0,0,0,0,0,0,0,0,0,0,0,0,0,0,0,0,0,0,0,0,0,0,0,0,0,0,0,0,0,0,0,0,0,0,0,0,0,0,0,0,0,0,0,0,0,0,0,0,0,0,0,0,0,0,0,0,0,0,0,0,0,0,0,0,0,0,0,0,0,0,0,153,
155,0,0,0,0,0,0,0,0,0,0,0,0,0,0,0,0,0,0,0,0,0,0,0,0,0,0,0,0,0,0,0,0,0,0,0,0,0,0,0,0,0,0,0,265,0,0,0,0,0,0,0,0,0,0,0,0,0,0,0,0,0,0,0,0,0,0,0,0,0,0,0,0,0,0,0,0,0,0,0,0,0,0,0,0,0,0,0,0,0,0,0,0,0,0,0,0,0,0,0,0,0,0,0,0,0,0,0,0,0,0,0,0,0,0,0,0,0,0,0,0,0,0,0,0,0,0,153,
155,0,0,0,0,0,0,0,0,0,0,0,0,0,0,0,0,0,0,0,0,0,0,0,0,0,0,0,0,0,125,125,125,125,125,125,125,125,125,125,125,0,0,0,265,265,265,265,265,265,265,0,0,0,0,0,0,0,0,0,0,0,0,0,0,0,0,0,0,0,0,0,0,0,0,0,0,0,0,0,0,0,0,0,0,0,0,0,0,0,0,0,0,0,0,0,0,0,0,0,0,0,0,0,0,0,0,0,0,0,0,0,0,0,0,0,0,0,0,0,0,0,0,0,0,0,0,153,
155,0,0,0,0,0,0,0,0,0,0,0,0,0,0,0,0,0,0,0,0,0,0,0,0,0,0,0,0,0,153,153,153,153,153,153,153,153,153,153,153,0,0,0,0,0,0,0,0,0,0,0,0,0,0,389,389,389,389,389,389,389,0,0,0,0,0,0,0,0,0,0,0,0,0,0,0,0,0,0,0,0,0,0,0,0,0,0,0,0,0,0,0,0,0,0,0,0,0,0,0,0,0,0,0,0,0,0,0,0,0,0,0,0,0,0,0,0,0,0,0,0,0,0,0,0,0,153,
155,0,0,0,0,0,0,0,0,0,0,0,0,0,0,0,0,0,0,0,0,0,0,0,0,0,0,125,125,125,153,153,0,0,0,153,153,153,153,153,0,0,0,0,0,0,0,0,0,0,0,0,0,0,0,0,0,0,0,0,0,0,0,0,0,0,0,0,0,0,0,0,0,0,0,0,0,0,0,0,0,0,0,0,0,0,0,0,0,0,0,0,0,0,0,0,0,0,0,0,0,0,0,0,0,0,0,0,0,0,0,0,0,0,0,0,0,0,0,0,0,0,0,0,0,0,0,153,
155,0,0,0,0,0,0,0,0,0,0,0,0,0,0,0,0,0,0,0,0,0,0,0,0,0,0,153,153,153,153,0,0,0,0,153,153,153,153,0,0,0,0,0,0,0,0,0,0,0,0,0,0,0,0,0,0,0,0,0,0,0,0,0,0,0,0,0,0,0,0,0,0,0,0,0,125,125,125,125,125,125,125,125,125,125,125,125,0,0,0,0,0,0,0,0,0,0,0,0,0,0,0,0,0,0,0,0,0,0,0,0,0,0,0,0,0,0,0,0,0,0,0,0,0,0,0,153,
155,0,0,0,0,0,0,0,0,0,0,0,0,0,0,0,0,0,0,0,0,0,0,0,0,125,125,153,153,0,0,0,0,0,0,153,153,153,153,0,0,0,0,0,0,0,0,0,0,0,0,0,0,0,0,0,0,0,0,0,0,0,0,0,0,0,0,0,0,0,0,0,0,0,0,0,153,153,153,153,153,153,153,153,153,153,153,125,0,0,0,0,0,0,0,0,0,0,0,0,0,0,0,0,0,0,0,0,0,0,0,0,0,0,0,0,0,0,0,0,0,0,0,0,0,0,0,153,
155,0,0,0,0,0,0,0,0,0,0,0,0,0,0,0,0,0,0,0,0,0,0,0,0,153,153,153,153,0,0,0,0,0,0,153,153,153,0,0,0,0,0,0,0,124,124,0,0,0,0,0,124,124,0,0,0,0,0,0,0,0,0,0,0,0,0,0,0,0,0,0,0,0,0,0,153,153,153,153,153,153,153,153,153,153,153,153,0,0,0,0,0,0,0,0,0,0,0,0,0,0,0,0,0,0,0,0,0,0,0,0,0,0,0,0,0,0,0,0,0,0,0,0,0,0,0,153,
155,124,124,124,124,124,124,124,124,0,0,0,0,0,0,0,0,0,152,123,123,123,123,123,123,153,153,153,0,0,0,0,0,0,0,153,153,153,0,0,0,0,0,0,0,155,155,0,0,0,0,0,155,155,0,0,0,0,0,0,0,0,0,0,0,0,0,0,0,0,0,0,0,0,0,0,153,153,153,153,153,153,153,153,153,153,153,153,0,0,0,0,0,0,0,0,0,0,0,0,0,0,0,0,0,0,0,0,0,0,0,0,0,0,0,0,0,0,0,0,0,0,0,0,0,0,0,153,
155,153,153,153,153,153,153,153,153,0,0,0,0,0,0,0,0,0,0,153,153,153,153,153,153,153,153,153,0,0,0,0,0,0,0,153,153,153,0,0,0,0,0,0,0,155,155,0,0,0,0,0,155,155,0,0,0,0,0,0,0,0,0,0,0,0,0,0,0,0,0,0,0,0,0,0,0,0,0,0,0,0,0,0,0,0,0,0,0,0,0,0,0,0,0,0,0,0,0,0,0,0,0,0,0,0,0,0,0,0,0,0,0,0,0,0,0,0,0,0,0,0,0,0,0,0,0,153,
155,153,153,153,153,153,153,153,153,0,0,0,0,0,0,0,0,0,0,0,0,0,0,0,0,0,0,0,0,0,0,0,0,0,0,153,153,0,0,0,0,0,0,0,0,155,155,0,0,0,0,0,155,155,0,0,0,0,0,0,0,0,0,125,125,125,125,125,125,125,125,125,125,125,125,0,0,0,0,0,0,0,0,0,0,0,0,0,0,0,0,0,0,0,0,0,0,0,0,0,0,0,0,0,0,0,0,0,0,0,0,0,0,0,0,0,0,0,0,0,0,0,0,0,0,0,0,153,
155,806,806,806,806,806,806,806,806,0,0,0,0,0,0,0,0,0,0,0,0,0,0,0,0,0,0,0,0,0,0,0,0,0,0,153,153,0,0,0,0,0,0,0,0,155,155,0,0,0,0,0,155,155,0,0,0,0,0,0,0,0,0,153,153,153,153,153,153,153,153,153,153,153,153,0,0,0,0,0,0,0,0,0,0,0,0,0,0,0,0,0,0,0,0,0,0,0,0,0,0,0,0,0,0,0,0,0,0,0,0,0,0,0,0,0,0,0,0,0,0,0,0,0,0,0,0,153,
155,0,0,0,0,0,0,0,0,0,0,0,0,0,0,0,0,0,0,0,0,0,0,0,0,0,0,0,0,0,0,0,0,0,0,153,153,0,0,0,0,0,0,0,0,155,155,0,0,0,0,0,155,155,0,0,0,0,0,0,0,0,0,153,153,153,153,153,153,153,153,153,153,153,153,0,0,0,0,0,0,0,0,0,0,0,0,0,0,0,0,0,0,0,0,0,0,0,0,0,0,0,0,0,0,0,0,0,0,0,0,0,0,0,0,0,0,0,0,0,0,0,0,0,0,0,0,153,
155,0,0,0,0,0,0,0,0,0,0,0,0,0,0,0,0,0,0,0,0,0,0,0,0,0,0,0,0,0,0,0,0,0,0,153,153,0,0,0,0,0,0,0,0,155,155,71,71,71,71,71,155,155,0,0,0,0,0,0,0,0,0,0,0,0,0,0,0,0,0,0,0,0,0,0,0,0,0,0,0,0,0,0,0,0,0,0,0,0,0,0,125,125,125,125,125,125,0,0,0,125,125,125,125,125,125,125,125,125,125,0,0,0,0,0,0,0,0,0,0,0,0,0,0,0,0,153,
155,0,0,0,0,0,0,0,0,0,0,0,0,0,0,0,0,0,0,0,0,0,0,0,0,0,0,0,0,0,123,123,123,123,123,153,153,123,123,0,0,0,0,0,0,126,155,155,155,155,155,155,155,155,0,0,0,0,0,0,0,0,0,0,0,0,0,0,0,0,0,0,0,0,0,0,0,0,0,0,0,0,0,0,0,0,0,0,0,0,0,0,153,153,153,153,153,153,0,0,0,153,153,153,153,153,153,153,153,153,153,0,0,0,0,0,0,0,0,0,0,0,0,0,0,0,0,153,
155,0,0,0,0,0,0,0,0,0,0,124,124,124,124,124,124,124,124,0,0,0,0,0,0,0,0,0,0,0,153,153,153,153,153,153,153,153,153,0,0,0,0,0,0,0,0,0,0,0,0,0,0,0,0,0,0,0,0,0,0,0,0,0,0,0,0,0,0,0,0,0,0,0,0,0,0,0,0,0,0,0,0,0,0,0,0,0,0,0,0,0,153,153,153,153,153,153,0,0,0,0,0,0,0,0,0,0,0,153,153,0,0,0,0,0,0,0,0,0,0,0,0,0,0,0,0,153,
155,0,0,0,0,0,0,0,0,0,0,153,153,153,153,153,153,153,153,0,0,0,0,0,0,0,0,0,0,0,153,153,153,153,153,153,153,153,153,0,0,0,0,0,0,0,0,0,0,0,0,0,0,0,0,0,0,0,0,0,0,0,0,0,0,0,0,0,0,0,0,0,0,0,0,0,0,0,0,0,0,0,0,0,0,0,0,0,0,0,0,0,153,153,153,153,153,153,0,0,0,0,0,0,0,0,0,0,0,0,0,0,0,0,0,0,0,0,0,0,0,0,0,0,0,0,0,153,
155,0,0,0,0,0,0,0,0,0,0,805,155,155,155,155,155,155,804,0,0,0,0,0,0,0,0,0,0,0,0,0,0,0,0,0,0,0,0,0,0,0,0,0,0,0,0,265,265,265,265,265,0,0,0,0,0,0,0,0,0,0,0,0,0,0,0,0,0,0,0,0,0,0,0,0,0,0,0,0,0,0,0,0,0,0,0,0,0,0,0,0,153,153,153,153,153,153,0,0,0,0,0,0,0,0,0,0,0,0,0,0,0,0,0,0,0,0,0,0,0,0,0,0,0,0,0,153,
155,0,0,122,122,122,122,0,0,0,0,0,0,0,0,0,0,0,0,0,0,0,0,0,0,0,0,0,0,0,0,0,0,0,0,0,0,0,0,0,0,0,0,0,0,0,0,265,0,0,0,0,0,0,0,0,0,0,0,0,0,0,0,125,125,125,125,125,0,0,0,0,0,0,0,0,0,125,125,125,0,0,0,0,0,0,0,0,0,0,0,0,153,153,153,153,153,153,0,0,0,0,0,0,0,0,0,0,0,0,0,0,0,646,646,0,0,0,0,0,646,646,0,0,0,0,0,153,
155,0,0,153,153,153,153,0,0,0,0,0,0,0,0,0,0,0,0,0,0,0,0,0,0,0,0,0,0,0,0,0,0,0,0,0,0,0,0,0,0,0,0,0,0,0,0,265,0,0,0,0,0,0,0,125,125,125,125,125,125,125,125,153,153,153,153,153,0,0,0,0,0,0,0,0,0,153,153,153,0,0,0,0,0,0,0,0,0,0,0,0,153,153,153,153,153,153,0,0,0,0,0,0,0,0,0,0,0,0,0,0,0,646,646,0,0,0,0,0,646,646,0,0,0,0,0,153,
155,0,0,153,153,153,153,0,0,0,0,0,0,0,0,0,0,0,0,0,0,0,0,0,0,0,0,0,0,0,0,0,0,0,0,0,0,0,0,0,0,0,265,265,265,265,265,265,0,0,0,0,0,0,0,155,153,153,153,153,153,153,153,153,153,153,153,0,0,0,0,0,0,0,0,0,0,153,153,153,0,0,0,0,0,0,0,0,0,0,0,0,153,153,153,153,153,153,0,0,0,0,0,0,0,0,0,0,0,0,0,0,0,646,646,0,0,0,0,0,646,646,0,0,0,0,0,153,
155,0,0,153,153,153,153,0,0,0,0,0,0,0,0,0,0,0,0,0,0,0,0,0,0,0,0,0,0,0,0,0,0,0,0,0,0,0,0,0,0,0,0,0,0,0,0,0,0,0,0,0,0,0,0,0,0,0,0,0,0,0,0,0,0,0,0,0,0,0,0,0,0,0,0,0,0,153,153,153,0,0,0,0,0,0,0,0,0,0,0,0,153,153,153,153,153,153,0,0,0,0,0,0,0,0,0,0,0,0,0,0,0,646,646,0,0,0,0,0,646,646,0,0,0,0,0,153,
155,0,0,153,153,153,153,0,0,0,0,0,0,0,0,0,0,0,0,0,0,0,0,0,0,0,0,0,0,0,0,0,0,0,0,0,0,0,0,0,0,0,0,0,0,0,0,0,0,0,0,0,0,0,0,0,0,0,0,0,0,0,0,0,0,0,0,0,0,0,0,0,0,0,0,0,0,153,153,153,0,0,0,0,0,0,0,0,0,0,0,0,153,153,153,153,153,153,0,0,0,0,0,0,0,0,0,0,0,0,0,0,0,646,646,0,0,0,0,0,646,646,0,0,0,0,0,153,
155,548,548,153,153,153,153,548,548,548,548,548,548,548,548,548,548,548,548,548,549,548,548,548,548,548,548,548,548,548,548,548,548,548,548,548,548,548,548,548,548,548,548,12,12,12,12,12,12,12,12,12,12,12,12,12,12,12,12,12,12,12,12,12,12,12,12,12,12,12,12,12,12,12,12,12,12,153,153,153,12,12,12,12,12,12,12,12,12,12,12,12,153,153,153,153,153,153,12,12,12,12,12,12,12,12,12,12,12,12,12,12,12,646,646,0,0,0,0,0,646,646,12,12,12,12,12,153,
155,580,580,153,153,153,153,580,580,580,580,580,580,580,580,580,580,580,580,580,580,580,580,580,580,580,580,580,580,580,580,580,580,580,580,580,580,580,580,580,580,580,580,41,41,41,41,41,41,41,41,41,41,41,41,41,41,41,41,41,41,41,41,41,41,41,41,41,41,41,41,41,41,41,41,41,41,153,153,153,41,41,41,41,41,41,41,41,41,41,41,41,153,153,153,153,153,153,41,41,41,41,41,41,41,41,41,41,41,41,41,41,41,646,646,0,0,0,0,0,646,646,41,41,41,41,41,153,
155,580,580,153,153,153,153,580,580,580,580,580,580,580,580,580,580,580,580,580,580,580,580,580,580,580,580,580,580,580,580,580,580,580,580,580,580,580,580,580,580,580,580,41,41,41,41,41,41,41,41,41,41,41,41,41,41,41,41,41,41,41,41,41,41,41,41,41,41,41,41,41,41,41,41,41,41,153,153,153,41,41,41,41,41,41,41,41,41,41,41,41,153,153,153,153,153,153,41,41,41,41,41,41,41,41,41,41,41,41,41,41,41,646,646,0,0,0,0,0,646,646,41,41,41,41,41,153,
155,580,580,153,153,153,153,580,580,580,580,580,580,580,580,580,580,580,580,580,580,580,580,580,580,580,580,580,580,580,580,580,580,580,580,580,580,580,580,580,580,580,580,41,41,41,41,41,41,41,41,41,41,41,41,41,41,41,41,41,41,41,41,41,41,41,41,41,41,41,41,41,41,41,41,41,41,153,153,153,41,41,41,41,41,41,41,41,41,41,41,41,153,153,153,153,153,153,41,41,41,41,41,41,41,41,41,41,41,41,41,41,41,646,646,0,0,0,0,0,646,646,41,41,41,41,41,153,
155,580,580,153,153,153,153,580,580,580,580,580,580,580,580,580,580,580,580,580,580,580,580,580,580,580,580,580,580,580,580,580,580,580,580,580,580,580,580,580,580,580,580,41,41,41,41,41,41,41,41,41,41,41,41,41,41,41,41,41,41,41,41,41,41,41,41,41,41,41,41,41,41,41,41,41,41,153,153,153,41,41,41,41,41,41,41,41,41,41,41,41,153,153,153,153,153,153,41,41,41,41,41,41,41,41,41,41,41,41,41,41,41,646,646,0,0,0,0,0,646,646,41,41,41,41,41,153,
155,580,580,153,153,153,153,580,580,580,580,580,580,580,580,580,580,580,580,580,580,580,580,580,580,580,580,580,580,580,580,580,580,580,580,580,580,580,580,580,580,580,580,41,41,41,41,41,41,41,41,41,41,41,41,41,41,41,41,41,41,41,41,41,41,41,41,41,41,41,41,41,41,41,41,41,41,153,153,153,41,41,41,41,41,41,41,41,41,41,41,41,153,153,153,153,153,153,41,41,41,41,41,41,41,41,41,41,41,41,41,41,41,646,646,0,0,0,0,0,646,646,41,41,41,41,41,153,
215,215,215,215,215,215,215,215,215,215,215,215,215,215,215,215,215,215,215,215,215,215,215,215,215,215,215,215,215,215,215,215,215,215,215,215,215,215,215,215,213,215,215,215,215,215,215,215,215,215,215,215,215,215,215,215,215,215,213,213,213,213,213,213,213,213,213,213,213,213,213,213,213,213,213,213,213,213,213,213,213,213,213,213,213,213,213,213,213,213,213,213,213,213,213,213,213,213,213,213,213,213,213,213,213,213,213,213,213,213,213,213,213,213,213,0,0,0,0,0,213,213,213,213,213,213,213,213,
215,0,0,0,0,0,215,0,0,0,0,0,0,0,0,0,0,0,0,0,0,0,0,0,0,0,0,0,0,0,0,0,0,0,0,0,0,0,0,0,213,0,0,0,0,0,0,0,0,0,0,0,0,0,0,0,0,0,0,0,0,0,0,0,0,0,0,0,0,0,0,0,0,0,0,0,0,0,0,0,0,0,0,0,0,0,0,0,0,0,0,0,0,0,0,0,0,0,0,0,0,0,0,0,0,0,0,0,0,0,0,0,0,0,0,0,0,0,0,0,0,0,0,0,0,0,0,213,
215,0,0,0,0,0,215,0,0,0,0,0,0,0,0,0,0,0,0,0,0,0,0,0,0,0,0,0,0,0,0,0,0,0,0,0,0,0,0,0,213,0,0,0,0,0,0,0,0,0,0,0,0,0,0,0,0,0,0,0,0,0,0,0,0,0,0,0,0,0,0,0,0,0,0,0,0,0,0,0,0,0,0,0,0,0,0,0,0,0,0,0,0,0,0,0,0,0,0,0,0,0,0,0,0,0,0,0,0,0,0,0,0,0,0,0,0,0,0,0,0,0,0,0,0,0,0,213,
215,0,0,0,0,0,215,0,0,0,0,0,0,185,185,185,185,185,185,185,185,185,0,0,0,0,0,185,0,0,0,0,0,185,0,0,0,0,0,0,213,0,0,0,0,0,0,0,0,0,0,0,0,0,0,0,0,0,0,0,0,0,0,0,185,185,185,185,185,185,185,185,185,185,185,0,0,225,225,225,225,225,225,225,225,0,0,0,225,225,225,225,225,225,225,225,0,0,225,225,225,225,225,225,225,225,0,0,225,225,225,225,225,225,225,225,0,0,0,0,0,0,0,0,0,0,0,213,
215,0,0,0,0,0,215,0,0,0,0,0,0,215,215,215,215,215,215,215,215,215,0,0,0,0,0,185,185,185,185,185,185,185,0,0,0,0,0,0,213,185,185,185,185,185,185,185,185,185,185,185,185,185,0,0,0,0,0,0,0,0,0,0,215,215,215,215,215,215,215,215,215,215,215,0,0,225,0,0,0,0,0,0,0,0,0,0,225,0,0,0,215,215,215,225,0,0,225,0,0,0,0,0,0,0,0,0,225,0,0,0,0,0,0,225,0,0,0,0,0,0,0,0,0,0,0,213,
215,0,0,185,185,185,215,185,185,185,0,0,0,215,0,0,0,0,0,0,0,0,0,0,0,0,0,0,0,0,0,0,215,215,0,0,0,0,0,0,213,0,0,215,215,215,215,215,215,215,215,215,215,215,185,185,185,185,185,185,185,0,0,0,0,0,0,0,0,0,0,0,0,0,215,0,0,225,0,0,0,0,0,0,0,0,0,0,225,0,0,0,0,0,0,225,0,0,225,0,0,0,0,0,0,0,0,0,225,0,0,0,0,0,0,225,0,0,0,0,0,0,0,0,0,0,0,213,
215,0,0,0,0,0,0,0,0,0,0,0,0,215,0,0,0,0,0,0,0,0,0,0,0,0,0,0,0,0,0,0,215,215,0,0,0,0,0,0,213,0,0,215,215,215,215,215,215,215,215,215,215,215,0,0,0,0,0,0,215,0,0,0,0,0,0,0,0,0,0,0,0,0,215,0,0,225,0,0,0,0,0,0,0,0,0,0,225,0,0,0,0,0,0,225,0,0,225,0,0,0,0,0,0,0,0,0,225,0,0,0,0,0,0,225,0,0,0,0,0,0,0,0,0,0,0,213,
215,0,0,0,0,0,0,0,0,0,0,0,0,215,0,0,0,0,0,0,0,0,0,0,0,0,0,0,0,0,0,0,215,215,0,0,0,0,0,0,213,0,0,215,215,215,215,215,215,215,215,215,215,215,0,0,0,0,0,0,215,0,0,0,0,0,0,0,0,0,0,0,0,0,215,0,0,225,0,0,0,0,0,0,0,0,0,0,225,0,0,0,0,0,0,225,0,0,225,0,0,0,0,0,0,0,0,0,225,0,0,0,0,0,0,225,0,0,0,0,0,0,0,0,0,0,0,213,
215,0,0,0,0,0,0,0,0,0,0,0,0,215,0,0,0,0,0,0,0,0,0,0,0,0,0,0,0,0,0,0,215,215,0,0,0,0,0,0,213,0,0,0,0,0,0,0,0,215,0,0,0,0,0,0,0,0,0,0,215,0,0,0,0,0,0,0,0,0,0,0,0,0,215,0,0,225,0,0,0,0,0,0,0,0,0,0,225,225,225,225,225,225,225,225,0,0,225,0,0,0,0,0,0,0,0,0,225,225,225,225,225,225,225,225,0,0,0,0,0,0,0,0,0,0,0,213,
215,0,0,0,0,0,0,0,0,0,0,0,0,215,0,0,0,0,0,0,0,0,0,0,0,0,0,0,0,0,0,0,215,215,0,0,0,0,185,185,213,0,0,0,0,0,0,0,0,215,0,0,0,0,0,0,0,0,0,185,215,185,185,185,185,185,185,185,0,0,0,0,0,0,215,0,0,225,0,0,225,225,225,225,225,0,0,0,225,0,0,0,0,0,0,225,0,0,225,0,0,225,225,225,225,225,0,0,225,0,0,0,0,0,0,225,0,0,0,0,0,0,0,0,0,0,0,213,
215,0,0,0,0,0,0,0,0,0,0,0,0,215,0,0,0,0,0,0,0,0,0,0,0,0,0,0,0,0,0,0,0,0,0,0,0,0,0,215,213,0,0,0,0,0,0,0,0,215,0,0,0,0,0,0,0,0,0,215,215,215,215,215,215,215,215,215,0,0,0,0,0,0,215,0,0,225,0,0,225,0,0,0,225,0,0,0,225,0,0,0,0,0,0,225,0,0,225,0,0,225,0,0,0,225,0,0,225,0,0,0,0,0,0,225,0,0,0,0,0,0,0,0,0,0,0,213,
215,0,0,0,0,0,0,0,0,0,0,0,0,215,185,185,185,0,0,0,185,185,185,185,215,0,0,0,0,0,0,0,0,0,0,0,0,0,0,215,213,0,0,0,0,0,185,185,185,215,185,185,185,185,185,185,0,0,0,0,0,0,0,0,0,0,0,0,0,0,0,0,0,0,215,0,0,225,0,0,225,0,0,0,225,0,0,0,225,0,0,0,0,0,0,225,0,0,225,0,0,225,0,0,0,225,0,0,225,0,0,0,0,0,0,225,0,0,0,0,0,0,0,0,0,0,0,213,
215,185,185,185,185,185,185,215,0,0,0,0,0,0,0,0,0,0,0,0,0,0,0,0,0,0,0,0,0,0,0,0,0,0,0,0,0,0,0,0,213,0,0,0,0,0,213,213,213,213,213,213,213,213,213,213,0,0,0,0,0,0,0,0,0,0,0,0,0,0,0,0,0,0,215,0,0,225,225,225,225,0,0,0,225,0,0,0,225,0,0,0,0,0,0,225,0,0,225,225,225,225,0,0,0,225,0,0,225,0,0,0,0,0,0,225,0,0,0,0,0,0,0,0,0,0,0,213,
215,746,746,746,746,746,746,746,0,0,0,0,0,0,0,0,0,0,0,0,0,0,0,0,0,0,0,0,0,0,185,185,185,185,185,185,185,185,0,0,215,0,0,0,0,0,0,0,0,0,213,213,0,0,0,0,0,0,0,0,0,0,0,0,0,0,0,0,0,0,0,0,0,0,215,0,0,0,0,0,0,0,0,0,0,0,0,0,0,0,0,0,0,0,0,0,0,0,0,0,0,0,0,0,0,0,0,0,0,0,0,0,0,0,0,0,0,0,0,0,0,0,0,0,0,0,0,213,
215,0,0,0,0,0,0,0,0,0,0,0,0,0,0,0,0,0,0,0,0,0,0,0,0,0,0,0,0,0,215,215,215,215,215,215,215,215,0,0,215,0,0,0,0,0,0,0,0,0,213,213,0,0,0,0,0,0,0,0,0,0,0,0,0,185,185,185,185,185,185,185,185,185,215,0,0,0,0,0,0,0,0,0,0,0,0,0,0,0,0,0,0,0,0,0,0,0,0,0,0,0,0,0,0,0,0,0,0,0,0,0,0,0,0,0,0,0,0,0,0,0,0,0,0,0,0,213,
215,0,0,0,0,0,0,0,0,0,0,0,0,0,0,0,0,0,0,0,0,0,0,0,0,0,0,0,0,0,215,215,215,215,215,215,215,215,185,0,215,0,0,0,0,0,0,0,0,0,213,213,0,0,0,0,0,0,0,0,0,0,0,0,0,215,215,215,215,215,215,215,215,215,215,0,0,0,0,0,0,0,0,0,0,0,0,0,0,0,0,0,0,0,0,0,0,0,0,0,0,0,0,0,0,0,0,0,0,0,0,0,0,0,0,0,0,0,0,0,0,0,0,0,0,0,0,213,
215,0,0,0,0,185,0,0,0,0,0,0,0,0,0,185,0,0,0,0,0,0,0,0,0,0,0,0,0,0,0,0,0,0,0,0,0,0,0,0,215,0,0,0,0,0,185,185,185,185,213,213,0,0,0,0,0,185,0,0,0,0,0,0,0,0,0,0,0,0,0,0,0,0,0,0,0,0,0,0,0,0,0,0,0,0,0,0,0,0,0,0,0,0,0,0,0,0,0,0,0,0,0,0,0,0,0,0,0,0,0,0,0,0,0,0,0,0,0,0,0,0,0,0,0,0,0,213,
215,0,0,0,0,185,185,185,185,185,185,185,185,185,185,185,0,0,0,0,0,0,0,0,185,185,185,215,0,0,0,0,0,0,0,0,0,0,0,0,215,0,0,0,0,0,215,215,215,215,215,215,215,215,215,215,215,215,0,0,0,0,0,0,0,0,0,0,0,0,0,0,0,0,0,0,0,0,0,0,0,0,0,0,0,0,0,0,0,0,0,0,185,185,185,185,185,185,185,0,0,0,0,0,0,0,0,0,0,0,0,0,0,0,0,0,0,0,0,0,0,0,0,0,0,0,0,213,
215,0,0,0,0,0,0,0,0,0,0,0,0,0,0,0,0,0,0,0,0,0,0,0,0,0,0,215,185,0,0,0,0,0,185,185,185,185,185,185,213,0,0,0,0,0,0,0,0,0,0,0,0,0,0,0,215,0,0,0,0,0,0,0,0,0,0,0,0,0,0,0,0,0,0,0,0,185,0,0,0,0,0,0,0,0,185,0,0,0,0,0,0,0,0,0,0,0,0,0,0,0,0,0,0,0,0,0,0,0,0,0,0,0,0,0,0,0,0,0,0,0,0,0,0,0,0,213,
215,0,0,0,0,0,0,0,0,0,0,0,0,0,0,0,0,0,0,0,0,0,0,0,0,0,0,215,215,0,0,0,0,0,0,0,0,0,0,0,213,0,0,0,0,0,0,0,0,0,0,0,0,0,0,0,215,0,0,0,827,827,827,827,827,827,0,0,0,0,0,0,0,0,0,0,0,185,185,185,185,185,185,185,185,185,185,0,0,0,0,0,0,0,0,0,0,0,0,0,0,0,0,185,185,185,185,185,185,185,185,185,185,0,0,0,0,0,0,0,0,0,0,0,0,0,0,213,
215,0,0,0,0,0,0,0,0,0,0,0,0,0,0,0,0,0,0,0,0,0,0,0,0,0,0,215,215,0,0,0,0,0,0,0,0,0,0,0,213,0,0,0,0,0,0,0,0,0,0,0,0,0,0,0,215,0,0,0,185,185,185,185,185,185,0,0,0,0,0,0,0,0,0,0,0,215,215,215,215,215,215,215,215,215,215,0,0,0,0,0,0,0,0,0,0,0,0,0,0,0,0,0,0,0,0,0,0,0,0,0,0,0,0,0,0,0,0,0,0,0,0,0,0,0,0,213,
215,0,0,0,185,185,185,185,185,185,185,0,0,0,0,0,0,0,0,0,0,0,0,0,0,0,0,215,215,0,0,0,0,0,0,0,0,0,0,0,213,0,0,0,185,185,185,185,185,0,0,0,0,0,215,215,215,0,0,0,215,215,215,215,215,215,0,0,0,0,0,0,0,0,0,0,0,0,0,0,0,0,0,0,0,0,0,0,0,0,0,0,0,0,0,0,0,0,0,0,0,0,0,0,0,0,0,0,0,0,0,0,0,0,0,0,0,0,0,0,0,0,0,0,0,0,0,213,
215,0,0,0,215,215,215,215,215,215,215,0,0,0,0,0,0,185,185,185,185,185,0,0,0,0,0,215,215,0,0,0,0,0,0,0,0,0,185,185,213,0,0,0,213,213,213,213,0,0,0,0,0,0,0,0,0,0,0,0,0,0,0,0,0,0,0,0,0,0,0,0,0,0,0,0,0,0,0,0,0,0,0,0,0,0,0,0,0,0,185,0,0,0,0,0,0,0,0,0,185,0,0,0,0,0,0,0,0,0,0,0,0,0,0,0,0,0,0,0,0,0,0,0,0,0,0,213,
215,0,0,0,215,215,215,215,215,215,215,0,0,0,0,0,0,215,215,215,215,215,0,0,0,0,0,215,215,0,0,0,0,0,0,0,0,0,215,215,215,0,0,0,0,0,0,0,0,0,0,0,0,0,0,0,0,0,0,0,0,0,0,0,0,0,0,0,0,0,0,0,0,0,0,0,0,0,0,0,0,0,0,0,0,0,0,0,0,0,185,185,185,185,185,185,185,185,185,185,185,0,0,0,0,0,0,0,0,0,0,0,0,0,215,215,215,215,215,215,0,0,0,0,0,215,215,213,
215,0,0,0,215,215,215,215,215,215,215,0,0,0,0,0,0,215,215,215,215,215,0,0,0,0,0,215,215,0,0,0,0,0,0,0,0,0,215,215,215,0,0,0,0,0,0,0,0,0,0,185,185,185,185,185,185,185,185,0,0,0,0,0,0,0,0,215,215,215,215,215,215,215,215,215,215,215,0,0,0,0,0,0,0,0,0,0,0,0,0,0,0,0,0,0,0,0,0,0,0,0,0,0,0,0,0,0,0,0,0,0,0,0,215,215,215,215,215,215,0,0,0,0,0,215,215,213,
215,0,0,0,215,215,215,215,215,215,215,0,0,0,0,0,0,215,215,215,215,215,0,0,0,0,0,215,215,0,0,0,0,0,0,0,185,185,215,215,215,0,0,0,0,0,0,0,0,0,0,0,213,213,213,213,213,213,0,0,0,0,0,0,0,0,0,0,0,0,0,0,0,0,0,0,0,0,0,0,0,0,0,0,0,0,0,0,0,0,0,0,0,0,0,0,0,0,0,0,0,0,0,0,0,0,0,0,0,0,0,0,0,0,0,0,0,0,0,0,0,0,0,0,0,0,0,213,
215,14,14,14,215,215,215,215,215,215,215,14,14,14,14,14,14,215,215,215,215,215,14,14,14,14,14,215,215,0,0,0,0,0,0,0,215,215,215,215,215,14,14,14,185,185,185,0,0,185,14,14,14,14,14,14,14,14,14,14,185,185,185,185,185,14,14,14,14,14,14,14,14,14,14,14,14,14,14,14,14,14,14,14,14,14,14,14,14,14,14,14,14,14,14,14,14,14,14,14,14,14,14,14,14,14,14,14,14,14,14,14,14,14,14,14,14,14,14,14,0,0,0,0,0,14,14,213,
215,43,43,43,215,215,215,215,215,215,215,43,43,43,43,43,43,215,215,215,215,215,43,43,43,43,43,215,215,0,0,0,0,0,0,0,215,215,215,215,215,43,43,43,43,43,213,0,0,213,43,43,43,43,43,43,43,43,43,43,43,43,43,43,43,43,43,43,43,43,43,43,43,43,43,43,43,43,43,43,43,43,43,43,43,43,43,43,43,43,43,43,43,43,43,43,43,43,43,43,43,43,43,43,43,43,43,43,43,43,43,43,43,43,43,43,43,43,43,43,0,0,0,0,0,43,43,213,
215,43,43,43,215,215,215,215,215,215,215,43,43,43,43,43,43,215,215,215,215,215,43,43,43,43,43,215,215,0,0,0,0,0,0,0,215,215,215,215,215,215,215,215,215,215,213,0,0,213,43,43,43,43,43,43,43,43,43,43,43,43,43,43,43,43,43,43,43,43,43,43,43,43,43,43,43,43,43,43,43,43,43,43,43,43,43,43,43,43,43,43,43,43,43,43,43,43,43,43,43,43,43,43,43,43,43,43,43,43,43,43,43,43,43,43,43,43,43,43,0,0,0,0,0,43,43,213,
215,43,43,43,215,215,215,215,215,215,215,43,43,43,43,43,43,215,215,215,215,215,43,43,43,43,43,215,215,0,0,0,0,0,0,0,0,0,0,0,0,0,0,0,0,0,0,0,0,213,43,43,43,43,43,43,43,43,43,43,43,43,43,43,43,43,43,43,43,43,43,43,43,43,43,43,43,43,43,43,43,43,43,43,43,43,43,43,43,43,43,43,43,43,43,43,43,43,43,43,43,43,43,43,43,43,43,43,43,43,43,43,43,43,43,43,43,43,43,43,0,0,0,0,0,43,43,213,
215,43,43,43,215,215,215,215,215,215,215,43,43,43,43,43,43,215,215,215,215,215,43,43,43,43,43,215,215,0,0,0,0,0,0,0,0,0,0,0,0,0,0,0,0,0,0,0,0,213,43,43,43,43,43,43,43,43,43,43,43,43,43,43,43,43,43,43,43,43,43,43,43,43,43,43,43,43,43,43,43,43,43,43,43,43,43,43,43,43,43,43,43,43,43,43,43,43,43,43,43,43,43,43,43,43,43,43,43,43,43,43,43,43,43,43,43,43,43,43,0,0,0,0,0,43,43,213,
215,43,43,43,215,215,215,215,215,215,215,43,43,43,43,43,43,215,215,215,215,215,43,43,43,43,43,215,215,215,215,215,215,185,185,185,185,185,185,185,185,185,185,185,185,185,185,185,185,213,43,43,43,43,43,43,43,43,43,43,43,43,43,43,43,43,43,43,43,43,43,43,43,43,43,43,43,43,43,43,43,43,43,43,43,43,43,43,43,43,43,43,43,43,43,43,43,43,43,43,43,43,43,43,43,43,43,43,43,43,43,43,43,43,43,43,43,43,43,43,0,0,0,0,0,43,43,213,
513,513,513,513,513,513,513,513,513,513,513,513,513,513,513,513,513,513,513,513,513,513,513,513,513,513,513,513,513,513,513,513,513,513,513,513,513,513,513,513,513,513,513,513,513,513,513,513,513,513,513,513,513,513,513,513,513,513,513,513,513,513,513,513,513,513,513,513,513,513,513,513,513,513,513,513,513,513,513,513,513,513,513,513,513,513,513,513,513,513,513,513,513,513,513,513,513,513,513,513,513,513,513,513,513,513,513,513,513,513,513,513,513,513,513,513,513,513,513,513,0,0,0,0,0,513,513,513,
513,0,0,0,0,0,0,0,0,0,0,0,0,0,0,0,0,513,513,0,0,0,0,0,0,0,0,0,0,0,0,0,0,513,513,0,0,0,0,0,0,0,0,0,0,0,0,0,0,0,0,0,0,0,0,0,0,0,0,0,0,0,0,0,0,0,0,0,0,0,0,0,0,0,0,0,0,0,0,0,0,0,0,0,0,0,0,0,0,0,0,0,0,0,0,0,0,0,0,0,0,0,0,0,0,0,0,0,0,0,0,0,0,0,0,0,0,0,0,0,0,0,0,0,187,215,215,513,
513,0,0,0,0,0,0,0,0,0,0,0,0,0,0,0,0,513,513,0,0,0,0,0,0,0,0,0,0,0,0,0,0,513,513,0,0,0,0,0,0,0,0,0,0,0,0,0,0,0,0,0,0,0,0,0,0,0,0,0,0,0,0,0,0,0,0,0,0,0,0,0,0,0,0,0,0,0,0,0,0,0,0,0,0,0,0,0,0,0,0,0,0,0,0,0,0,0,0,0,0,0,0,0,0,0,0,0,0,0,0,0,0,0,0,0,0,0,0,0,0,0,0,187,217,215,215,513,
513,0,0,0,0,0,0,0,0,0,0,0,0,0,0,0,0,513,513,0,0,0,0,0,0,0,0,0,0,0,0,0,0,513,513,0,0,0,0,0,0,0,0,0,0,0,0,0,0,0,0,0,0,0,0,0,0,0,0,0,0,0,0,0,0,0,0,0,0,0,0,0,0,0,0,0,0,0,0,0,0,0,0,0,0,0,0,0,0,0,0,0,0,0,0,0,0,0,0,0,0,0,0,0,0,0,0,0,0,0,0,0,0,0,0,0,0,0,0,0,0,0,187,217,215,215,215,513,
513,0,0,0,0,0,0,0,0,0,0,0,0,0,0,0,0,513,513,0,0,0,0,0,0,0,0,0,0,0,0,0,0,513,513,0,0,0,0,0,0,0,0,0,0,0,0,0,0,0,0,0,0,0,0,0,0,0,0,0,0,0,0,0,0,0,0,0,0,0,0,0,0,0,0,0,0,0,0,0,0,0,0,0,0,0,0,0,0,0,0,0,0,0,0,0,0,0,0,0,0,0,0,0,0,0,0,0,0,0,0,0,0,0,0,0,0,0,0,0,0,187,217,215,215,215,215,513,
513,0,0,0,0,0,0,0,0,0,0,0,0,0,0,0,0,513,513,0,0,0,0,0,0,0,0,0,0,0,0,0,0,513,513,513,513,513,513,513,513,513,513,513,513,0,0,0,0,0,0,0,0,0,0,0,0,0,513,513,513,513,513,513,513,513,513,513,513,513,0,0,0,0,0,0,0,0,0,0,0,0,0,0,0,0,0,0,0,0,0,0,0,0,0,0,0,0,0,0,0,0,0,0,0,0,0,0,0,0,0,0,0,0,0,0,0,0,0,0,187,217,215,215,215,215,215,513,
513,0,0,0,0,0,0,0,0,0,0,0,0,0,0,0,0,513,513,0,0,0,0,0,0,0,0,0,0,0,0,0,0,513,513,513,513,513,513,513,513,513,513,513,513,0,0,0,0,0,0,0,0,0,0,0,0,0,513,513,513,513,513,513,513,513,513,513,513,513,0,0,0,0,0,0,0,0,0,0,0,0,0,0,0,0,0,0,0,0,0,0,0,0,0,0,0,0,0,513,513,513,513,513,513,513,513,513,513,0,0,0,0,0,0,0,0,0,0,187,217,215,215,215,215,215,215,513,
513,0,0,0,0,0,0,0,0,0,513,513,513,513,513,513,513,513,513,513,513,513,513,513,513,513,0,0,0,0,0,0,0,513,513,0,0,0,0,0,0,0,0,0,0,0,0,0,0,0,0,0,0,0,0,0,0,0,513,513,513,513,513,513,513,513,513,513,513,513,0,0,0,0,0,0,0,0,0,0,0,0,0,0,0,0,0,0,0,0,0,0,0,0,0,0,0,0,0,513,513,513,513,513,513,513,513,513,513,0,0,0,0,0,0,0,0,0,187,217,215,215,215,215,215,215,215,513,
513,0,0,0,0,0,0,0,0,0,513,513,513,513,513,513,513,513,513,513,513,513,513,513,513,513,0,0,0,0,0,0,0,513,513,0,0,0,0,0,0,0,0,0,0,0,0,0,0,0,0,0,0,0,0,0,0,0,0,0,0,0,0,0,0,0,0,0,0,0,0,0,0,0,0,0,0,0,0,0,0,0,0,0,0,0,0,0,0,0,0,0,0,0,0,0,0,0,0,0,0,0,0,0,0,0,0,0,0,0,0,0,0,0,0,0,0,187,217,215,215,215,215,215,215,215,215,513,
513,0,0,0,0,0,0,0,0,0,513,513,513,513,513,513,513,513,513,513,513,513,513,513,513,513,0,0,0,0,0,0,0,513,513,0,0,0,0,0,0,0,0,0,0,0,0,0,0,0,0,0,0,0,0,0,0,0,0,0,0,0,0,0,0,0,0,0,0,0,0,0,0,0,0,0,0,0,0,0,0,0,0,0,0,0,0,0,0,0,0,0,0,0,0,0,0,0,0,0,0,0,0,0,0,0,0,0,0,0,0,0,0,0,0,0,187,217,215,215,215,215,215,215,215,215,215,513,
513,0,0,0,0,0,0,0,0,0,0,0,0,0,0,0,0,0,0,0,0,0,0,0,0,0,0,0,0,0,0,0,0,513,513,0,0,0,0,0,0,0,0,0,0,0,0,0,0,0,0,0,0,0,513,0,0,0,0,0,0,0,0,0,0,0,0,0,0,0,0,513,513,513,513,513,513,513,513,513,513,513,0,0,0,0,0,0,0,0,0,0,0,0,0,0,0,0,0,0,0,0,0,0,0,0,0,0,0,0,0,0,0,0,0,187,217,215,215,215,215,215,215,215,215,215,215,513,
513,0,0,0,0,0,0,0,0,0,0,0,0,0,0,0,0,0,0,0,0,0,0,0,0,0,0,0,0,0,0,0,0,513,513,0,0,0,0,0,0,0,0,0,0,0,513,513,513,513,513,513,513,513,513,0,0,0,0,0,0,0,0,0,0,0,0,0,0,0,0,513,513,513,513,513,513,513,513,513,513,513,0,0,0,0,0,0,0,0,0,0,0,0,0,0,0,0,0,0,0,0,0,0,0,0,0,0,0,0,0,0,0,0,187,217,215,215,215,215,215,215,215,215,215,215,215,513,
513,0,0,0,0,0,0,0,0,0,0,0,0,0,0,0,0,0,0,0,0,0,0,0,0,0,0,0,0,0,0,0,0,513,513,0,0,0,0,0,0,0,0,0,0,0,513,513,513,513,513,513,513,513,513,0,0,0,0,0,0,0,0,0,0,0,0,0,0,0,0,513,0,0,0,0,0,0,0,0,513,513,0,0,0,0,0,0,0,0,0,0,0,0,0,0,0,0,0,0,0,0,0,0,0,0,0,0,0,0,0,0,0,0,0,0,724,725,725,725,725,725,725,725,725,725,725,513,
513,0,0,0,0,0,0,0,0,0,0,0,0,0,0,0,0,0,0,0,0,0,0,0,0,0,0,0,0,513,513,513,513,513,513,513,513,513,513,513,0,0,0,0,0,0,0,0,0,0,0,0,0,0,0,0,0,0,0,0,0,0,0,0,0,0,0,0,0,0,0,513,0,0,0,0,0,0,0,0,513,513,0,0,0,0,0,513,513,513,513,513,513,513,513,513,513,0,0,0,0,0,0,0,0,0,0,0,0,0,0,0,0,0,0,0,724,725,725,725,725,725,725,725,725,725,725,513,
513,513,513,513,513,0,0,0,0,0,0,0,0,0,0,0,0,0,0,0,0,0,0,0,0,0,0,0,0,513,513,513,513,513,513,513,513,513,513,513,0,0,0,0,0,0,0,0,0,0,0,0,0,0,0,0,0,0,0,0,0,0,0,0,0,0,0,0,0,0,0,513,0,0,0,0,0,0,0,0,513,513,0,0,0,0,0,513,513,513,513,513,513,513,513,513,513,0,0,0,0,0,0,0,0,0,0,0,0,0,0,0,0,0,0,0,724,725,725,725,725,725,725,725,725,725,725,513,
513,513,513,513,513,0,0,0,0,0,0,0,0,0,0,0,0,0,0,0,0,0,0,0,0,0,0,0,0,0,0,0,0,0,0,0,0,0,0,0,0,0,0,0,0,0,0,0,0,0,0,0,0,0,0,0,0,0,0,0,0,0,513,513,513,513,513,513,513,513,513,513,0,0,0,0,0,0,0,0,513,513,0,0,0,0,0,0,0,0,0,0,0,0,0,0,0,0,0,0,0,0,0,0,0,0,0,0,0,0,0,0,0,0,0,0,724,725,725,725,725,725,725,725,725,725,725,513,
513,0,0,0,0,0,0,0,0,0,0,0,0,0,0,0,0,0,0,0,0,0,0,0,0,0,0,0,0,0,0,0,0,0,0,0,0,0,0,0,0,0,0,0,0,0,0,0,0,0,0,0,0,0,0,0,0,0,0,0,0,0,513,513,513,513,513,513,513,513,513,513,0,0,0,0,0,0,0,0,513,513,0,0,0,0,0,0,0,0,0,0,0,0,0,0,0,0,0,0,0,0,0,0,0,0,0,0,0,0,0,0,0,0,0,0,724,725,725,725,725,725,725,725,725,725,725,513,
513,0,0,0,0,0,0,0,0,0,0,0,0,0,0,0,0,0,0,0,0,0,0,0,0,0,0,0,0,0,0,0,0,0,0,0,0,0,0,0,0,0,0,0,0,0,0,0,0,0,0,0,0,0,0,0,0,0,0,0,0,0,0,0,0,0,0,0,0,0,0,513,0,0,0,0,0,0,0,0,513,513,0,0,0,0,0,0,0,0,0,0,0,0,0,0,0,0,0,0,0,0,0,0,0,0,0,0,0,0,0,0,0,0,0,0,724,725,725,725,725,725,725,725,725,725,725,513,
513,0,0,0,0,0,0,0,0,0,0,0,0,0,0,0,0,0,0,0,0,0,0,0,0,0,0,0,0,0,0,0,0,0,0,0,0,0,0,0,0,0,0,0,0,0,0,0,0,0,0,0,0,0,0,0,0,0,0,0,0,0,0,0,0,0,0,0,0,0,0,513,0,0,0,0,0,0,0,0,513,513,0,0,0,0,0,0,0,0,0,0,0,0,0,0,0,0,0,513,513,513,513,513,513,513,513,513,513,0,0,754,695,695,695,695,695,725,725,725,725,725,725,725,725,725,725,513,
513,0,0,0,0,0,0,0,0,0,0,0,0,0,0,0,0,0,0,0,0,0,0,0,0,0,0,0,0,0,0,0,0,0,0,0,0,0,0,0,0,0,0,0,0,0,0,0,0,0,0,0,0,0,0,0,0,0,0,0,0,0,0,0,0,0,0,0,0,0,0,513,513,513,513,513,0,0,0,0,513,513,0,0,0,0,0,0,0,0,0,0,0,0,0,517,517,517,517,513,513,513,513,513,513,513,513,513,513,0,0,724,725,725,725,725,725,725,725,725,725,725,725,725,725,725,725,513,
513,0,0,0,0,0,0,0,0,0,513,513,513,513,513,513,513,513,513,513,513,513,513,513,513,513,513,0,0,0,0,0,0,0,0,0,0,0,0,0,0,0,0,513,0,0,0,0,0,0,0,0,0,0,513,0,0,0,0,0,0,0,0,0,0,0,0,0,0,0,0,513,513,513,513,513,0,0,0,0,513,513,0,0,0,0,0,0,0,0,0,0,0,0,0,0,0,0,0,0,0,0,0,0,0,0,0,0,0,0,0,724,725,725,725,725,725,725,725,725,725,725,725,725,725,725,725,513,
513,0,0,0,0,0,0,0,0,0,513,513,513,513,513,513,513,513,513,513,513,513,513,513,513,513,513,0,0,0,0,0,0,0,0,0,0,0,0,0,0,0,513,513,548,548,548,548,548,548,548,548,548,548,513,513,0,0,0,0,0,0,0,0,0,0,0,0,0,0,0,0,0,0,0,0,0,0,0,0,513,513,0,0,0,0,0,0,0,0,0,0,0,0,0,0,0,0,0,0,0,0,0,0,0,0,0,0,0,0,0,724,725,725,725,725,725,725,725,725,725,725,725,725,725,725,725,513,
513,0,0,0,0,0,0,0,0,0,0,0,0,0,0,0,513,513,0,0,0,0,0,0,0,0,513,0,0,0,0,0,0,0,0,0,0,0,0,0,0,0,513,513,578,578,578,578,578,578,578,578,578,578,513,513,513,513,0,0,0,0,0,0,0,0,0,0,0,0,0,0,0,0,0,0,0,0,0,0,513,513,0,0,0,0,0,0,0,0,0,0,517,517,517,517,0,0,0,0,0,0,0,0,0,0,0,0,0,0,0,724,725,725,725,725,725,725,725,725,725,725,725,725,725,725,725,513,
513,0,0,0,0,0,0,0,0,0,0,0,0,0,0,0,513,513,0,0,0,0,0,0,0,0,0,0,0,0,0,0,0,0,0,0,0,0,0,0,513,513,513,513,578,578,578,578,578,578,578,578,578,578,513,513,513,513,513,513,0,0,0,0,0,0,0,0,0,0,0,0,0,0,0,0,0,0,0,0,513,513,0,0,0,0,0,0,0,0,0,0,0,0,0,517,0,0,0,0,0,0,0,0,0,0,0,0,0,0,0,724,725,725,725,725,725,725,725,725,725,725,725,725,725,725,725,513,
513,0,0,0,0,0,0,0,0,0,0,0,0,0,0,0,513,513,0,0,0,0,0,0,0,0,0,0,0,0,0,0,0,0,0,0,0,0,0,0,513,513,513,513,578,578,578,578,578,578,578,578,578,578,513,513,513,513,513,513,513,0,0,0,0,0,0,0,0,0,0,0,0,0,0,0,0,0,0,0,513,513,0,0,0,0,0,0,0,0,0,0,0,0,0,517,0,0,0,0,0,0,0,0,0,0,0,0,0,0,0,724,725,725,725,725,725,725,725,725,725,725,725,725,725,725,725,513,
513,0,0,0,0,0,0,0,0,0,0,0,0,0,0,0,513,513,0,0,0,0,0,0,0,0,0,0,0,0,0,0,0,0,0,0,0,0,0,0,513,513,513,513,578,578,578,578,578,578,578,578,578,578,513,513,513,513,513,513,513,513,0,0,0,0,0,0,0,0,0,0,0,0,0,0,0,0,0,0,513,513,0,0,0,0,0,0,0,0,0,0,0,0,0,517,517,517,517,0,0,0,0,0,0,0,0,0,0,0,0,724,725,725,725,725,725,725,725,725,725,725,725,725,725,725,725,513,
513,0,0,0,0,0,0,0,0,0,0,0,0,0,0,0,513,513,0,0,0,0,0,0,0,0,0,0,0,0,0,0,0,0,0,0,0,0,513,513,513,513,513,513,578,578,578,578,578,578,578,578,578,578,513,513,513,513,513,513,513,513,513,0,0,0,0,0,0,0,0,0,0,0,0,0,0,0,0,0,513,513,0,0,0,0,0,0,0,0,0,0,0,0,0,0,0,0,517,0,0,0,0,0,0,0,0,0,0,0,0,724,725,725,725,725,725,725,725,725,725,725,725,725,725,725,725,513,
513,0,0,0,0,0,0,0,0,0,0,0,0,0,0,0,513,513,0,0,0,0,0,0,0,0,0,0,0,0,0,0,0,0,0,513,513,513,513,513,513,513,513,513,578,578,578,578,578,578,578,578,578,578,513,513,513,513,513,513,513,513,513,513,0,0,0,0,0,0,0,0,0,0,0,0,0,0,0,0,513,513,0,0,0,0,0,0,0,0,0,0,0,0,0,0,0,0,517,0,0,0,0,0,0,0,0,0,0,0,0,754,755,755,755,755,755,755,755,755,755,755,755,755,755,755,755,513,
513,482,482,482,482,482,482,482,482,482,482,482,482,482,482,482,513,513,482,482,482,482,482,482,482,482,482,482,482,482,482,482,482,482,482,482,482,482,482,482,482,482,482,482,482,482,482,482,482,482,482,482,482,482,482,482,482,482,482,482,482,482,482,482,482,482,482,482,482,482,482,482,482,482,482,482,482,482,482,482,513,513,482,482,482,482,482,482,482,482,482,482,482,482,482,482,482,482,482,482,482,482,482,482,482,482,482,482,482,482,482,482,482,482,482,482,482,482,482,482,482,482,482,482,482,482,482,513,
513,513,513,513,513,513,513,513,513,513,513,513,513,513,513,513,513,513,513,513,513,513,513,513,513,513,513,513,513,513,513,513,513,513,513,513,513,513,513,513,513,513,513,513,513,513,513,513,513,513,513,513,513,513,513,513,513,513,513,513,513,513,513,513,513,513,513,513,513,513,513,513,513,513,513,513,513,513,513,513,513,513,513,513,513,513,513,513,513,513,513,513,513,513,513,513,513,513,513,513,513,513,513,513,513,513,513,513,513,513,513,513,513,513,513,513,513,513,513,513,513,513,513,513,513,513,513,513,
513,513,513,513,513,513,513,513,513,513,513,513,513,513,513,513,513,513,513,513,513,513,513,513,513,513,513,513,513,513,513,513,513,513,513,513,513,513,513,513,513,513,513,513,513,513,513,513,513,513,513,513,513,513,513,513,513,513,513,513,513,513,513,513,513,513,513,513,513,513,513,513,513,513,513,513,513,513,513,513,513,513,513,513,513,513,513,513,513,513,513,513,513,513,513,513,513,513,513,513,513,513,513,513,513,513,513,513,513,513,513,513,513,513,513,513,513,513,513,513,513,513,513,513,513,513,513,513,
513,513,513,513,513,513,513,513,513,513,513,513,513,513,513,513,513,513,513,513,513,513,513,513,513,513,513,513,513,513,513,513,513,513,513,513,513,513,513,513,513,513,513,513,513,513,513,513,513,513,513,513,513,513,513,513,513,513,513,513,513,513,513,513,513,513,513,513,513,513,513,513,513,513,513,513,513,513,513,513,513,513,513,513,513,513,513,513,513,513,513,513,513,513,513,513,513,513,513,513,513,513,513,513,513,513,513,513,513,513,513,513,513,513,513,513,513,513,513,513,513,513,513,513,513,513,513,513

[Object Layer 1]
# YellowSwitch
type=YellowSwitch
location=33,5,1,1

[Object Layer 1]
# RedSwitch
type=RedSwitch
location=32,17,1,1

[Object Layer 1]
type=YellowLock
location=112,21,1,1

[Object Layer 1]
type=YellowLock
location=115,20,1,1

[Object Layer 1]
type=YellowLock
location=116,21,1,1

[Object Layer 1]
type=YellowLock
location=117,21,1,1

[Object Layer 1]
type=YellowLock
location=118,21,1,1

[Object Layer 1]
type=YellowLock
location=119,21,1,1

[Object Layer 1]
type=RedLock
location=114,20,1,1

[Object Layer 1]
type=RedLock
location=116,20,1,1

[Object Layer 1]
type=RedLock
location=118,20,1,1

[Object Layer 1]
type=RedLock
location=119,20,1,1

[Object Layer 1]
type=BlueLock
location=113,19,1,1

[Object Layer 1]
type=BlueLock
location=114,18,1,1

[Object Layer 1]
type=BlueLock
location=117,19,1,1

[Object Layer 1]
type=BlueLock
location=119,18,1,1

[Object Layer 1]
type=GreenLock
location=114,18,1,1

[Object Layer 1]
type=GreenLock
location=116,18,1,1

[Object Layer 1]
type=GreenLock
location=118,18,1,1

[Object Layer 1]
type=Ghost
location=4,10,1,1

[Object Layer 1]
type=Ghost
location=49,13,1,1

[Object Layer 1]
type=Ghost
location=68,11,1,1

[Object Layer 1]
type=Ghost
location=94,14,1,1

[Object Layer 1]
type=Spider
location=9,47,1,1

[Object Layer 1]
type=Spider
location=30,35,1,1

[Object Layer 1]
type=Spider
location=54,47,1,1

[Object Layer 1]
type=Spider
location=81,50,1,1

[Object Layer 1]
type=Spider
location=94,54,1,1

[Object Layer 1]
type=SpiderBoss
location=121,48,1,1

[Object Layer 1]
type=Grammy
location=14,16,1,1

[Object Layer 1]
type=Grammy
location=21,10,1,1

[Object Layer 1]
type=Grammy
location=46,4,1,1

[Object Layer 1]
type=Grammy
location=83,7,1,1

[Object Layer 1]
type=Grammy
location=105,15,1,1

[Object Layer 1]
type=Grammy
location=3,36,1,1

[Object Layer 1]
type=Grammy
location=21,42,1,1

[Object Layer 1]
type=Grammy
location=41,62,1,1

[Object Layer 1]
type=Grammy
location=47,47,1,1

[Object Layer 1]
type=Grammy
location=53,42,1,1

[Object Layer 1]
type=Grammy
location=73,55,1,1

[Object Layer 1]
type=Grammy
location=107,50,1,1

[Object Layer 1]
type=Grammy
location=12,70,1,1

[Object Layer 1]
type=Grammy
location=12,91,1,1

[Object Layer 1]
type=Grammy
location=30,75,1,1

[Object Layer 1]
type=Grammy
location=49,74,1,1

[Object Layer 1]
type=Grammy
location=66,78,1,1

[Object Layer 1]
type=Grammy
location=75,91,1,1

[Object Layer 1]
type=Ghost
location=111,79,1,1

[Object Layer 1]
type=LevelTwo
location=115,31,4,2

[Object Layer 1]
type=LevelThree
location=121,63,2,2

[Object Layer 1]
type=Ghost
location=60,76,1,1

[Object Layer 1]
type=Ghost
location=48,67,1,1

[Object Layer 1]
type=Bat
location=23,68,1,1

[Object Layer 1]
type=Ghost
location=4,73,1,1

[Object Layer 1]
type=Ghost
location=21,89,1,1

[Object Layer 1]
type=GSwitch
location=15,70,1,1

[Object Layer 1]
type=GLock
location=109,91,1,1

[Object Layer 1]
type=GLock
location=110,87,1,1

[Object Layer 1]
type=GLock
location=110,81,1,1

[Object Layer 1]
type=GLock
location=115,80,1,1

[Object Layer 1]
type=GLock
location=114,78,1,1

[Object Layer 1]
type=GLock
location=110,90,1,1

[Object Layer 1]
type=GLock
location=110,85,1,1

[Object Layer 1]
type=GLock
location=111,81,1,1

[Object Layer 1]
type=GLock
location=114,79,1,1

[Object Layer 1]
type=GLock
location=110,89,1,1

[Object Layer 1]
type=GLock
location=110,84,1,1

[Object Layer 1]
type=GLock
location=112,81,1,1

[Object Layer 1]
type=GLock
location=115,78,1,1

[Object Layer 1]
type=GLock
location=110,88,1,1

[Object Layer 1]
type=GLock
location=109,83,1,1

[Object Layer 1]
type=GLock
location=114,81,1,1

[Object Layer 1]
type=GLock
location=115,76,1,1

